#Rocket
#t,x,y
0.000000000E0,3.945412652E-3,-5.795981157E-3
1.666666667E-3,4.732649508E-3,-5.991344244E-3
3.333333333E-3,5.119335980E-3,-5.554040364E-3
5.000000000E-3,4.954511566E-3,-4.986773169E-3
6.666666667E-3,4.629239603E-3,-3.665395155E-3
8.333333333E-3,4.585829889E-3,-2.471760601E-3
1.000000000E-2,4.178442906E-3,8.626112039E-4
1.166666667E-2,3.650046423E-3,2.708393112E-3
1.333333333E-2,3.308852218E-3,5.179193374E-3
1.500000000E-2,2.523152504E-3,8.639414955E-3
1.666666667E-2,3.037965050E-3,1.044257535E-2
1.833333333E-2,3.405203222E-3,1.728858874E-2
2.000000000E-2,2.774178980E-3,2.922187687E-2
2.166666667E-2,2.096348972E-3,3.547843655E-2
2.333333333E-2,2.024699817E-3,4.381292718E-2
2.500000000E-2,2.216017992E-3,4.534411909E-2
2.666666667E-2,2.595759016E-3,4.738580033E-2
2.833333333E-2,3.870895667E-3,5.150328476E-2
3.000000000E-2,4.098857272E-3,5.383879315E-2
3.166666667E-2,4.481202032E-3,5.832770267E-2
3.333333333E-2,4.047611718E-3,6.604071401E-2
3.500000000E-2,4.255449130E-3,8.103592309E-2
3.666666667E-2,3.734086713E-3,9.530208348E-2
3.833333333E-2,3.133780327E-3,9.829396610E-2
4.000000000E-2,3.456087776E-3,1.001433255E-1
4.166666667E-2,2.416737004E-3,1.029485318E-1
4.333333333E-2,2.262832812E-3,1.061095761E-1
4.500000000E-2,1.303620465E-3,1.150342601E-1
4.666666667E-2,1.600408688E-3,1.279486674E-1
4.833333333E-2,3.529086400E-3,1.400704063E-1
5.000000000E-2,3.729799757E-3,1.477805008E-1
5.166666667E-2,3.126653398E-3,1.550611350E-1
5.333333333E-2,4.387979041E-3,1.598284749E-1
5.500000000E-2,4.831320955E-3,1.658720864E-1
5.666666667E-2,4.400865726E-3,1.790058474E-1
5.833333333E-2,3.700036416E-3,1.953773573E-1
6.000000000E-2,3.313795107E-3,2.048631527E-1
6.166666667E-2,4.029295187E-3,2.112679141E-1
6.333333333E-2,6.065383132E-3,2.148579213E-1
6.500000000E-2,6.595993845E-3,2.184340538E-1
6.666666667E-2,7.896608143E-3,2.271166568E-1
6.833333333E-2,8.026823812E-3,2.451723727E-1
7.000000000E-2,5.859261678E-3,2.608856560E-1
7.166666667E-2,5.830978634E-3,2.696263792E-1
7.333333333E-2,5.680152115E-3,2.866436545E-1
7.500000000E-2,5.161885958E-3,3.061577706E-1
7.666666667E-2,2.093461301E-3,3.161092154E-1
7.833333333E-2,2.059517389E-3,3.223779549E-1
8.000000000E-2,2.934503960E-3,3.265651605E-1
8.166666667E-2,3.713472084E-3,3.564920024E-1
8.333333333E-2,3.292272683E-3,3.669638871E-1
8.500000000E-2,2.799840818E-3,3.739912570E-1
8.666666667E-2,2.913560025E-3,3.927753793E-1
8.833333333E-2,9.797477986E-4,4.160354291E-1
9.000000000E-2,-2.110841114E-4,4.276171171E-1
9.166666667E-2,2.802124134E-4,4.337980749E-1
9.333333333E-2,8.866109938E-4,4.557665783E-1
9.500000000E-2,-2.967455427E-4,4.762053768E-1
9.666666667E-2,-1.855439396E-3,4.899633275E-1
9.833333333E-2,-6.842534173E-4,5.096627626E-1
1.000000000E-1,-3.319322794E-3,5.279742099E-1
1.016666667E-1,-3.161219185E-3,5.446762768E-1
1.033333333E-1,-1.948125172E-3,5.716283173E-1
1.050000000E-1,-3.914957872E-3,5.842571593E-1
1.066666667E-1,-5.537687993E-3,5.933452560E-1
1.083333333E-1,-3.912909611E-3,6.160871735E-1
1.100000000E-1,-6.420451960E-3,6.366673040E-1
1.116666667E-1,-6.645544414E-3,6.479478469E-1
1.133333333E-1,-5.407966004E-3,6.755594488E-1
1.150000000E-1,-7.120334879E-3,6.921464933E-1
1.166666667E-1,-7.431994965E-3,7.070462970E-1
1.183333333E-1,-1.015246715E-2,7.420943302E-1
1.200000000E-1,-9.815389695E-3,7.520997752E-1
1.216666667E-1,-1.077061307E-2,7.809670276E-1
1.233333333E-1,-1.148154877E-2,7.978040105E-1
1.250000000E-1,-1.174356903E-2,8.084248859E-1
1.266666667E-1,-1.108877151E-2,8.448218678E-1
1.283333333E-1,-1.131882302E-2,8.574707011E-1
1.300000000E-1,-1.050904455E-2,8.871171620E-1
1.316666667E-1,-1.106941980E-2,9.070497063E-1
1.333333333E-1,-1.119581442E-2,9.196536532E-1
1.350000000E-1,-1.389168721E-2,9.559510557E-1
1.366666667E-1,-1.262325381E-2,9.690481265E-1
1.383333333E-1,-1.165777328E-2,9.973475864E-1
1.400000000E-1,-1.404821475E-2,1.018473816E0
1.416666667E-1,-1.125421640E-2,1.049874287E0
1.433333333E-1,-1.123986077E-2,1.068855273E0
1.450000000E-1,-8.554521465E-3,1.086451961E0
1.466666667E-1,-3.989146340E-3,1.118159253E0
1.483333333E-1,-5.622353655E-3,1.145123616E0
1.500000000E-1,-1.142921405E-2,1.175211740E0
1.516666667E-1,-1.410204024E-2,1.200199507E0
1.533333333E-1,-1.450152188E-2,1.227411230E0
1.550000000E-1,-1.628779959E-2,1.244158029E0
1.566666667E-1,-1.717111029E-2,1.277588769E0
1.583333333E-1,-1.695238351E-2,1.292225945E0
1.600000000E-1,-1.245717995E-2,1.329386065E0
1.616666667E-1,-1.022664549E-2,1.353559512E0
1.633333333E-1,-1.043251061E-2,1.389923150E0
1.650000000E-1,-1.408055103E-2,1.421927884E0
1.666666667E-1,-1.756495482E-2,1.445283141E0
1.683333333E-1,-1.765947785E-2,1.473227922E0
1.700000000E-1,-2.070183058E-2,1.500780118E0
1.716666667E-1,-1.532030949E-2,1.537308697E0
1.733333333E-1,-1.758063337E-2,1.560873437E0
1.750000000E-1,-1.735308042E-2,1.598721998E0
1.766666667E-1,-1.995879482E-2,1.624295200E0
1.783333333E-1,-2.348724003E-2,1.660250282E0
1.800000000E-1,-2.382830435E-2,1.691391207E0
1.816666667E-1,-2.835154336E-2,1.723985972E0
1.833333333E-1,-2.818668760E-2,1.757965133E0
1.850000000E-1,-2.913582395E-2,1.780493301E0
1.866666667E-1,-2.856976425E-2,1.822118636E0
1.883333333E-1,-2.493244296E-2,1.851988224E0
1.900000000E-1,-2.611328241E-2,1.881920602E0
1.916666667E-1,-1.807517253E-2,1.926804362E0
1.933333333E-1,-1.638842868E-2,1.965090013E0
1.950000000E-1,-2.292998957E-2,1.991846281E0
1.966666667E-1,-2.246199835E-2,2.035513430E0
1.983333333E-1,-2.830072567E-2,2.072312228E0
2.000000000E-1,-2.828556249E-2,2.097515857E0
2.016666667E-1,-2.776639852E-2,2.138224788E0
2.033333333E-1,-2.968076686E-2,2.188357116E0
2.050000000E-1,-3.182140277E-2,2.210271998E0
2.066666667E-1,-3.123389342E-2,2.250371799E0
2.083333333E-1,-3.185150259E-2,2.292216089E0
2.100000000E-1,-3.409018186E-2,2.325110028E0
2.116666667E-1,-3.584397823E-2,2.360580568E0
2.133333333E-1,-3.792339841E-2,2.408943120E0
2.150000000E-1,-4.045579425E-2,2.452070917E0
2.166666667E-1,-4.518342060E-2,2.480065073E0
2.183333333E-1,-4.545904636E-2,2.521576526E0
2.200000000E-1,-4.468806501E-2,2.570570064E0
2.216666667E-1,-4.115947129E-2,2.604330001E0
2.233333333E-1,-4.221411216E-2,2.639397874E0
2.250000000E-1,-4.343476545E-2,2.688777883E0
2.266666667E-1,-4.067572387E-2,2.731955858E0
2.283333333E-1,-4.323790946E-2,2.773451769E0
2.300000000E-1,-4.082352783E-2,2.818131149E0
2.316666667E-1,-4.470938015E-2,2.850050661E0
2.333333333E-1,-4.391029675E-2,2.898533433E0
2.350000000E-1,-4.547317631E-2,2.950312387E0
2.366666667E-1,-4.948478065E-2,2.998089392E0
2.383333333E-1,-4.996576976E-2,3.031832340E0
2.400000000E-1,-5.254981152E-2,3.070516830E0
2.416666667E-1,-5.311783038E-2,3.117286495E0
2.433333333E-1,-4.993065749E-2,3.166729168E0
2.450000000E-1,-5.240506699E-2,3.216838710E0
2.466666667E-1,-5.094834180E-2,3.261770027E0
2.483333333E-1,-5.089274474E-2,3.307720013E0
2.500000000E-1,-5.555622899E-2,3.349630288E0
2.516666667E-1,-5.493755704E-2,3.396268502E0
2.533333333E-1,-5.430394584E-2,3.442444392E0
2.550000000E-1,-5.098089665E-2,3.488328974E0
2.566666667E-1,-3.641041717E-2,3.535133789E0
2.583333333E-1,-4.335143354E-2,3.589358232E0
2.600000000E-1,-4.907771406E-2,3.635550269E0
2.616666667E-1,-4.664326153E-2,3.676393777E0
2.633333333E-1,-5.755645282E-2,3.719465638E0
2.650000000E-1,-5.504693388E-2,3.769559593E0
2.666666667E-1,-5.683686611E-2,3.823640394E0
2.683333333E-1,-6.325847297E-2,3.870811880E0
2.700000000E-1,-6.274212109E-2,3.919282472E0
2.716666667E-1,-5.192823381E-2,3.971851259E0
2.733333333E-1,-6.451497571E-2,4.027962572E0
2.750000000E-1,-6.125843039E-2,4.075930942E0
2.766666667E-1,-6.184045184E-2,4.125886476E0
2.783333333E-1,-5.329108617E-2,4.180819393E0
2.800000000E-1,-5.655465990E-2,4.236589877E0
2.816666667E-1,-6.233295068E-2,4.290291235E0
2.833333333E-1,-6.496572862E-2,4.342048289E0
2.850000000E-1,-5.171856891E-2,4.395976017E0
2.866666667E-1,-5.951778343E-2,4.451972330E0
2.883333333E-1,-5.433705856E-2,4.503702935E0
2.900000000E-1,-6.523054431E-2,4.554705325E0
2.916666667E-1,-5.980892246E-2,4.611165505E0
2.933333333E-1,-6.178539464E-2,4.662776798E0
2.950000000E-1,-5.890765507E-2,4.716490523E0
2.966666667E-1,-5.755148314E-2,4.775358421E0
2.983333333E-1,-5.276155900E-2,4.830277554E0
3.000000000E-1,-5.051116100E-2,4.886324795E0
3.016666667E-1,-5.607905976E-2,4.938870188E0
3.033333333E-1,-4.538005137E-2,4.992583785E0
3.050000000E-1,-4.880099517E-2,5.048942009E0
3.066666667E-1,-5.024568431E-2,5.105716956E0
3.083333333E-1,-5.068748849E-2,5.161378213E0
3.100000000E-1,-4.974951527E-2,5.220890822E0
3.116666667E-1,-4.622815811E-2,5.267245260E0
3.133333333E-1,-4.714052703E-2,5.319465476E0
3.150000000E-1,-4.261515265E-2,5.383392934E0
3.166666667E-1,-4.115844288E-2,5.476323521E0
3.183333333E-1,-3.322363918E-2,5.530215006E0
3.200000000E-1,-3.492165619E-2,5.619751145E0
3.216666667E-1,-2.242514467E-2,5.669250724E0
3.233333333E-1,-2.809056354E-2,5.731841121E0
